auprc = 0.9622833583511952
auroc = 0.9600718358434408
compute_metrics = {'acc': 0.8907273354015857, 'f1': 0.888498065423848, 'prec': 0.8752598752598753, 'rec': 0.9021428571428571}
eval_loss = 0.33025679673701935
fn = 360
fp = 274
mcc = 0.7817590347187642
tn = 2642
tp = 2526
