compute_metrics = {'acc': 0.916578947368421, 'f1': 0.9165240914067658, 'prec': 0.9165789473684209, 'rec': 0.9165961440701553}
eval_loss = 0.3598104307369182
mcc = 0.8888138683843305
