compute_metrics = {'acc': 0.40718748706914387, 'f1': 0.3677492881980913, 'prec': 0.3573186834558935, 'rec': 0.39254587535955865}
eval_loss = 1.8210242272646606
mcc = 0.353659741335123
