compute_metrics = {'acc': 0.38533951255844745, 'f1': 0.33733251586034324, 'prec': 0.3254943654389076, 'rec': 0.3795408634674806}
eval_loss = 2.0108910726617006
mcc = 0.3289883325977978
