auprc = 0.9878340434453775
auroc = 0.9859484027911145
compute_metrics = {'acc': 0.949, 'f1': 0.9482233502538071, 'prec': 0.9491869918699187, 'rec': 0.947261663286004}
eval_loss = 0.16241682815551758
fn = 25
fp = 26
mcc = 0.8979789436454457
tn = 482
tp = 467
