compute_metrics = {'acc': 0.64, 'f1': 0.5304448481912802, 'prec': 0.5376806635424471, 'rec': 0.6422828828840156}
eval_loss = 1.1843058268229167
mcc = 0.575811025082828
