compute_metrics = {'acc': 0.8571760411481666, 'f1': 0.7991256383381546, 'prec': 0.7931612512386261, 'rec': 0.8134345844970096}
eval_loss = 0.41852785560952904
mcc = 0.8082820085577365
