auprc = 0.976402959595077
auroc = 0.9539182676437578
compute_metrics = {'acc': 0.8911111111111111, 'f1': 0.9173693086003373, 'prec': 0.9158249158249159, 'rec': 0.918918918918919}
eval_loss = 0.44631185238821464
fn = 25
fp = 24
mcc = 0.7577707785512572
tn = 129
tp = 272
