compute_metrics = {'acc': 0.882, 'f1': 0.7739238936438612, 'prec': 0.7568254179866029, 'rec': 0.9188118276927825}
eval_loss = 0.3812858339339968
mcc = 0.8532629355379839
