auprc = 0.9657955691625448
auroc = 0.9411434607513041
compute_metrics = {'acc': 0.8822222222222222, 'f1': 0.912396694214876, 'prec': 0.9292929292929293, 'rec': 0.8961038961038961}
eval_loss = 0.35830685130336826
fn = 21
fp = 32
mcc = 0.7340453865434792
tn = 121
tp = 276
