auprc = 0.9440593652989739
auroc = 0.9110825025857706
compute_metrics = {'acc': 0.8688888888888889, 'f1': 0.9008403361344537, 'prec': 0.9023569023569024, 'rec': 0.8993288590604027}
eval_loss = 0.3855597512763843
fn = 29
fp = 30
mcc = 0.707408024930231
tn = 123
tp = 268
