compute_metrics = {'acc': 0.46, 'f1': 0.32340223426145337, 'prec': 0.3212516952712063, 'rec': 0.38024823073366765}
eval_loss = 1.200015380859375
mcc = 0.20924858833158191
