compute_metrics = {'acc': 0.5291479820627802, 'f1': 0.4063839175403297, 'prec': 0.5126678876678877, 'rec': 0.5808485632015044}
eval_loss = 1.240195448909487
mcc = 0.46062598320218606
