auprc = 0.947354316431571
auroc = 0.9396079410572635
compute_metrics = {'acc': 0.8654585392641406, 'f1': 0.8616600790513833, 'prec': 0.8393839383938394, 'rec': 0.8851508120649652}
eval_loss = 0.3236985072624265
fn = 146
fp = 99
mcc = 0.7318693628917329
tn = 813
tp = 763
