compute_metrics = {'acc': 0.9865470852017937, 'f1': 0.988001188001188, 'prec': 0.9884126984126984, 'rec': 0.9876679841897233}
eval_loss = 0.08261653355189733
mcc = 0.9831194087281594
