compute_metrics = {'acc': 0.545, 'f1': 0.49913312140344424, 'prec': 0.4846629039452077, 'rec': 0.5192714921543188}
eval_loss = 1.0217752685546875
mcc = 0.36186364993828174
