auprc = 0.9913278559628338
auroc = 0.9908096472697011
compute_metrics = {'acc': 0.959, 'f1': 0.9585439838220424, 'prec': 0.9634146341463414, 'rec': 0.9537223340040242}
eval_loss = 0.16984306812286376
fn = 18
fp = 23
mcc = 0.918038039108651
tn = 485
tp = 474
