compute_metrics = {'acc': 0.549, 'f1': 0.5051431715970048, 'prec': 0.487975187346297, 'rec': 0.5338095700595701}
eval_loss = 1.0072598876953125
mcc = 0.3672971926027894
