compute_metrics = {'acc': 0.8876315789473684, 'f1': 0.8874072833476363, 'prec': 0.8876315789473684, 'rec': 0.8875863804773504}
eval_loss = 0.35478899805169356
mcc = 0.850306076215773
