compute_metrics = {'acc': 0.8620540899286544, 'f1': 0.8065779096790472, 'prec': 0.8014495889776052, 'rec': 0.8191136392850307}
eval_loss = 0.40578312253866783
mcc = 0.814955734327309
