compute_metrics = {'acc': 0.558, 'f1': 0.5351141515123817, 'prec': 0.5172880248267094, 'rec': 0.5630934147715114}
eval_loss = 1.2428177337646484
mcc = 0.38359463519961623
