compute_metrics = {'acc': 0.9730941704035875, 'f1': 0.9742637179715832, 'prec': 0.9752726017943409, 'rec': 0.974025974025974}
eval_loss = 0.09452912760233241
mcc = 0.966367708487055
