compute_metrics = {'acc': 0.554, 'f1': 0.5124228023534819, 'prec': 0.49663176726946945, 'rec': 0.5357737208256227}
eval_loss = 1.1482115478515624
mcc = 0.37639225089436296
