compute_metrics = {'acc': 0.2944915254237288, 'f1': 0.04658486451452743, 'prec': 0.06048628775117127, 'rec': 0.03955129006680851}
eval_loss = 2.163410768670551
mcc = 0.16703514616788223
