auprc = 0.9572855270774352
auroc = 0.9519045654565458
compute_metrics = {'acc': 0.8786381109280615, 'f1': 0.8817549491706794, 'prec': 0.9064906490649065, 'rec': 0.8583333333333333}
eval_loss = 0.31727552580598156
fn = 85
fp = 136
mcc = 0.7584885506131127
tn = 776
tp = 824
