compute_metrics = {'acc': 0.849377799900448, 'f1': 0.7923202031823227, 'prec': 0.7877473591780346, 'rec': 0.7998194012440727}
eval_loss = 0.4538523778242717
mcc = 0.797561627464323
