compute_metrics = {'acc': 0.922, 'f1': 0.8969594119442067, 'prec': 0.9168525992189304, 'rec': 0.8832122137166364}
eval_loss = 0.26719301465957884
mcc = 0.9020924888024768
