auprc = 0.9852292594169793
auroc = 0.983249711926253
compute_metrics = {'acc': 0.944, 'f1': 0.9416666666666668, 'prec': 0.9186991869918699, 'rec': 0.9658119658119658}
eval_loss = 0.17446440887451173
fn = 40
fp = 16
mcc = 0.8889119143425955
tn = 492
tp = 452
