compute_metrics = {'acc': 0.516, 'f1': 0.4227417947351609, 'prec': 0.44412302090163747, 'rec': 0.4744256839013394}
eval_loss = 1.088328125
mcc = 0.31917303148842946
