auprc = 0.9695529863138909
auroc = 0.9682561835339614
compute_metrics = {'acc': 0.9007238883143743, 'f1': 0.899124343257443, 'prec': 0.8894663894663895, 'rec': 0.9089943342776204}
eval_loss = 0.27259179416110035
fn = 319
fp = 257
mcc = 0.8016036645821505
tn = 2659
tp = 2567
