auprc = 0.9676535318985687
auroc = 0.964354988130392
compute_metrics = {'acc': 0.899505766062603, 'f1': 0.9003810560696789, 'prec': 0.9097909790979097, 'rec': 0.8911637931034483}
eval_loss = 0.29447721724251386
fn = 82
fp = 101
mcc = 0.7991919116692928
tn = 811
tp = 827
