auprc = 0.9725719356083112
auroc = 0.971579888251983
compute_metrics = {'acc': 0.9121361889071938, 'f1': 0.9139784946236559, 'prec': 0.935093509350935, 'rec': 0.8937960042060988}
eval_loss = 0.45478189111791406
fn = 59
fp = 101
mcc = 0.8251635003065556
tn = 811
tp = 850
