compute_metrics = {'acc': 0.83, 'f1': 0.7011846404961118, 'prec': 0.6960823728845527, 'rec': 0.7207349033294261}
eval_loss = 0.6639845106336806
mcc = 0.7903916089192099
