compute_metrics = {'acc': 0.464, 'f1': 0.3625759138160167, 'prec': 0.3793212825887875, 'rec': 0.3519717814890943}
eval_loss = 1.178677734375
mcc = 0.2324821683255223
