auprc = 0.9653193296690954
auroc = 0.9362249950485245
compute_metrics = {'acc': 0.8711111111111111, 'f1': 0.9016949152542373, 'prec': 0.8956228956228957, 'rec': 0.9078498293515358}
eval_loss = 0.31435096473024604
fn = 31
fp = 27
mcc = 0.7147615499172676
tn = 126
tp = 266
