compute_metrics = {'acc': 0.3559322033898305, 'f1': 0.04001485089787077, 'prec': 0.06069549183440469, 'rec': 0.04069567220827725}
eval_loss = 2.512192548331568
mcc = 0.23799791243769863
