compute_metrics = {'acc': 0.8981578947368422, 'f1': 0.8980942651841725, 'prec': 0.8981578947368422, 'rec': 0.8980852556414487}
eval_loss = 0.3455036180897763
mcc = 0.8642276634100491
