auprc = 0.9922401611921093
auroc = 0.99200195249984
compute_metrics = {'acc': 0.964, 'f1': 0.9634146341463414, 'prec': 0.9634146341463414, 'rec': 0.9634146341463414}
eval_loss = 0.21056878638267518
fn = 18
fp = 18
mcc = 0.9279815632801998
tn = 490
tp = 474
