auprc = 0.9580671418204258
auroc = 0.955209780055459
compute_metrics = {'acc': 0.8798690106859703, 'f1': 0.8764403474561249, 'prec': 0.8565488565488566, 'rec': 0.8972776769509981}
eval_loss = 0.3216259223370513
fn = 414
fp = 283
mcc = 0.7604516165405135
tn = 2633
tp = 2472
