compute_metrics = {'acc': 0.525, 'f1': 0.4581982386361145, 'prec': 0.4460266233237635, 'rec': 0.502287286325825}
eval_loss = 1.1007919921875
mcc = 0.3267634826133163
