compute_metrics = {'acc': 0.9417040358744395, 'f1': 0.9430000122654295, 'prec': 0.9432810426288686, 'rec': 0.9485631233508993}
eval_loss = 0.5733043125697544
mcc = 0.9281705253372309
