compute_metrics = {'acc': 0.4007117143211818, 'f1': 0.3607564654119686, 'prec': 0.35002512577559014, 'rec': 0.38903388039938824}
eval_loss = 1.9017912740345941
mcc = 0.34711304165530577
