compute_metrics = {'acc': 0.8395885183341629, 'f1': 0.7797736053715211, 'prec': 0.7754314422390103, 'rec': 0.7878904082380825}
eval_loss = 0.46943276920085136
mcc = 0.7845117608732174
