compute_metrics = {'acc': 0.36746389704969584, 'f1': 0.30761901529217106, 'prec': 0.2946423233900233, 'rec': 0.3988079832457857}
eval_loss = 2.1001171308690765
mcc = 0.30747611120524504
