compute_metrics = {'acc': 0.9080263157894737, 'f1': 0.9079783602030076, 'prec': 0.9080263157894737, 'rec': 0.9079695836997337}
eval_loss = 0.31619951712457756
mcc = 0.8773813226226151
