auprc = 0.9705513762042346
auroc = 0.9691340794735858
compute_metrics = {'acc': 0.9034815580834195, 'f1': 0.901512486809708, 'prec': 0.888080388080388, 'rec': 0.9153571428571429}
eval_loss = 0.3350067321960263
fn = 323
fp = 237
mcc = 0.8072832950621373
tn = 2679
tp = 2563
